# columns: bin_index  f_MHz  U
0  212.800000  0.00000000e+00
1  212.800802  0.00000000e+00
2  212.801603  0.00000000e+00
3  212.802405  0.00000000e+00
4  212.803206  0.00000000e+00
5  212.804008  0.00000000e+00
6  212.804810  0.00000000e+00
7  212.805611  0.00000000e+00
8  212.806413  0.00000000e+00
9  212.807214  0.00000000e+00
10  212.808016  0.00000000e+00
11  212.808818  0.00000000e+00
12  212.809619  0.00000000e+00
13  212.810421  0.00000000e+00
14  212.811222  0.00000000e+00
15  212.812024  0.00000000e+00
16  212.812826  0.00000000e+00
17  212.813627  0.00000000e+00
18  212.814429  0.00000000e+00
19  212.815230  0.00000000e+00
20  212.816032  0.00000000e+00
21  212.816834  0.00000000e+00
22  212.817635  0.00000000e+00
23  212.818437  0.00000000e+00
24  212.819238  0.00000000e+00
25  212.820040  0.00000000e+00
26  212.820842  0.00000000e+00
27  212.821643  0.00000000e+00
28  212.822445  0.00000000e+00
29  212.823246  0.00000000e+00
30  212.824048  0.00000000e+00
31  212.824850  0.00000000e+00
32  212.825651  0.00000000e+00
33  212.826453  0.00000000e+00
34  212.827255  0.00000000e+00
35  212.828056  0.00000000e+00
36  212.828858  0.00000000e+00
37  212.829659  0.00000000e+00
38  212.830461  0.00000000e+00
39  212.831263  0.00000000e+00
40  212.832064  0.00000000e+00
41  212.832866  0.00000000e+00
42  212.833667  0.00000000e+00
43  212.834469  0.00000000e+00
44  212.835271  0.00000000e+00
45  212.836072  0.00000000e+00
46  212.836874  0.00000000e+00
47  212.837675  0.00000000e+00
48  212.838477  0.00000000e+00
49  212.839279  0.00000000e+00
50  212.840080  0.00000000e+00
51  212.840882  0.00000000e+00
52  212.841683  0.00000000e+00
53  212.842485  0.00000000e+00
54  212.843287  0.00000000e+00
55  212.844088  0.00000000e+00
56  212.844890  0.00000000e+00
57  212.845691  0.00000000e+00
58  212.846493  0.00000000e+00
59  212.847295  0.00000000e+00
60  212.848096  0.00000000e+00
61  212.848898  0.00000000e+00
62  212.849699  0.00000000e+00
63  212.850501  0.00000000e+00
64  212.851303  0.00000000e+00
65  212.852104  0.00000000e+00
66  212.852906  0.00000000e+00
67  212.853707  0.00000000e+00
68  212.854509  0.00000000e+00
69  212.855311  0.00000000e+00
70  212.856112  0.00000000e+00
71  212.856914  0.00000000e+00
72  212.857715  0.00000000e+00
73  212.858517  0.00000000e+00
74  212.859319  0.00000000e+00
75  212.860120  0.00000000e+00
76  212.860922  0.00000000e+00
77  212.861723  0.00000000e+00
78  212.862525  0.00000000e+00
79  212.863327  0.00000000e+00
80  212.864128  0.00000000e+00
81  212.864930  0.00000000e+00
82  212.865731  0.00000000e+00
83  212.866533  0.00000000e+00
84  212.867335  0.00000000e+00
85  212.868136  0.00000000e+00
86  212.868938  0.00000000e+00
87  212.869739  0.00000000e+00
88  212.870541  0.00000000e+00
89  212.871343  0.00000000e+00
90  212.872144  0.00000000e+00
91  212.872946  0.00000000e+00
92  212.873747  0.00000000e+00
93  212.874549  0.00000000e+00
94  212.875351  0.00000000e+00
95  212.876152  0.00000000e+00
96  212.876954  0.00000000e+00
97  212.877756  0.00000000e+00
98  212.878557  0.00000000e+00
99  212.879359  0.00000000e+00
100  212.880160  0.00000000e+00
101  212.880962  0.00000000e+00
102  212.881764  0.00000000e+00
103  212.882565  0.00000000e+00
104  212.883367  0.00000000e+00
105  212.884168  0.00000000e+00
106  212.884970  0.00000000e+00
107  212.885772  0.00000000e+00
108  212.886573  0.00000000e+00
109  212.887375  0.00000000e+00
110  212.888176  0.00000000e+00
111  212.888978  0.00000000e+00
112  212.889780  0.00000000e+00
113  212.890581  0.00000000e+00
114  212.891383  0.00000000e+00
115  212.892184  0.00000000e+00
116  212.892986  0.00000000e+00
117  212.893788  0.00000000e+00
118  212.894589  0.00000000e+00
119  212.895391  0.00000000e+00
120  212.896192  0.00000000e+00
121  212.896994  0.00000000e+00
122  212.897796  0.00000000e+00
123  212.898597  0.00000000e+00
124  212.899399  0.00000000e+00
125  212.900200  0.00000000e+00
126  212.901002  0.00000000e+00
127  212.901804  0.00000000e+00
128  212.902605  0.00000000e+00
129  212.903407  0.00000000e+00
130  212.904208  0.00000000e+00
131  212.905010  0.00000000e+00
132  212.905812  0.00000000e+00
133  212.906613  0.00000000e+00
134  212.907415  0.00000000e+00
135  212.908216  0.00000000e+00
136  212.909018  0.00000000e+00
137  212.909820  0.00000000e+00
138  212.910621  0.00000000e+00
139  212.911423  0.00000000e+00
140  212.912224  0.00000000e+00
141  212.913026  0.00000000e+00
142  212.913828  0.00000000e+00
143  212.914629  0.00000000e+00
144  212.915431  0.00000000e+00
145  212.916232  0.00000000e+00
146  212.917034  0.00000000e+00
147  212.917836  0.00000000e+00
148  212.918637  0.00000000e+00
149  212.919439  0.00000000e+00
150  212.920240  0.00000000e+00
151  212.921042  0.00000000e+00
152  212.921844  0.00000000e+00
153  212.922645  0.00000000e+00
154  212.923447  0.00000000e+00
155  212.924248  0.00000000e+00
156  212.925050  0.00000000e+00
157  212.925852  0.00000000e+00
158  212.926653  0.00000000e+00
159  212.927455  0.00000000e+00
160  212.928257  0.00000000e+00
161  212.929058  0.00000000e+00
162  212.929860  0.00000000e+00
163  212.930661  0.00000000e+00
164  212.931463  0.00000000e+00
165  212.932265  0.00000000e+00
166  212.933066  0.00000000e+00
167  212.933868  0.00000000e+00
168  212.934669  0.00000000e+00
169  212.935471  0.00000000e+00
170  212.936273  0.00000000e+00
171  212.937074  0.00000000e+00
172  212.937876  0.00000000e+00
173  212.938677  0.00000000e+00
174  212.939479  0.00000000e+00
175  212.940281  0.00000000e+00
176  212.941082  0.00000000e+00
177  212.941884  0.00000000e+00
178  212.942685  0.00000000e+00
179  212.943487  0.00000000e+00
180  212.944289  0.00000000e+00
181  212.945090  0.00000000e+00
182  212.945892  0.00000000e+00
183  212.946693  0.00000000e+00
184  212.947495  0.00000000e+00
185  212.948297  0.00000000e+00
186  212.949098  0.00000000e+00
187  212.949900  0.00000000e+00
188  212.950701  0.00000000e+00
189  212.951503  0.00000000e+00
190  212.952305  0.00000000e+00
191  212.953106  0.00000000e+00
192  212.953908  0.00000000e+00
193  212.954709  0.00000000e+00
194  212.955511  0.00000000e+00
195  212.956313  0.00000000e+00
196  212.957114  0.00000000e+00
197  212.957916  0.00000000e+00
198  212.958717  0.00000000e+00
199  212.959519  0.00000000e+00
200  212.960321  0.00000000e+00
201  212.961122  0.00000000e+00
202  212.961924  0.00000000e+00
203  212.962725  0.00000000e+00
204  212.963527  0.00000000e+00
205  212.964329  0.00000000e+00
206  212.965130  0.00000000e+00
207  212.965932  2.05912256e-01
208  212.966733  2.89513254e-01
209  212.967535  2.66255116e-01
210  212.968337  2.39489293e-01
211  212.969138  2.34014583e-01
212  212.969940  2.39199996e-01
213  212.970741  2.47453046e-01
214  212.971543  2.54757833e-01
215  212.972345  2.60334277e-01
216  212.973146  2.64376926e-01
217  212.973948  2.66994071e-01
218  212.974749  2.68233132e-01
219  212.975551  2.68146133e-01
220  212.976353  2.66790676e-01
221  212.977154  2.64215302e-01
222  212.977956  2.60449505e-01
223  212.978758  2.55499578e-01
224  212.979559  2.49347734e-01
225  212.980361  2.41952085e-01
226  212.981162  2.33246446e-01
227  212.981964  2.23139000e-01
228  212.982766  2.11509728e-01
229  212.983567  1.98205793e-01
230  212.984369  1.83034909e-01
231  212.985170  1.65755522e-01
232  212.985972  1.46062541e-01
233  212.986774  1.23567140e-01
234  212.987575  9.77687120e-02
235  212.988377  6.79965913e-02
236  212.989178  3.33321214e-02
237  212.989980  0.00000000e+00
238  212.990782  0.00000000e+00
239  212.991583  0.00000000e+00
240  212.992385  0.00000000e+00
241  212.993186  0.00000000e+00
242  212.993988  0.00000000e+00
243  212.994790  0.00000000e+00
244  212.995591  0.00000000e+00
245  212.996393  0.00000000e+00
246  212.997194  0.00000000e+00
247  212.997996  0.00000000e+00
248  212.998798  0.00000000e+00
249  212.999599  0.00000000e+00
250  213.000401  0.00000000e+00
251  213.001202  0.00000000e+00
252  213.002004  0.00000000e+00
253  213.002806  0.00000000e+00
254  213.003607  0.00000000e+00
255  213.004409  0.00000000e+00
256  213.005210  0.00000000e+00
257  213.006012  0.00000000e+00
258  213.006814  0.00000000e+00
259  213.007615  0.00000000e+00
260  213.008417  0.00000000e+00
261  213.009218  0.00000000e+00
262  213.010020  0.00000000e+00
263  213.010822  0.00000000e+00
264  213.011623  0.00000000e+00
265  213.012425  0.00000000e+00
266  213.013226  0.00000000e+00
267  213.014028  0.00000000e+00
268  213.014830  0.00000000e+00
269  213.015631  0.00000000e+00
270  213.016433  0.00000000e+00
271  213.017234  0.00000000e+00
272  213.018036  0.00000000e+00
273  213.018838  0.00000000e+00
274  213.019639  0.00000000e+00
275  213.020441  0.00000000e+00
276  213.021242  0.00000000e+00
277  213.022044  0.00000000e+00
278  213.022846  0.00000000e+00
279  213.023647  0.00000000e+00
280  213.024449  0.00000000e+00
281  213.025251  0.00000000e+00
282  213.026052  0.00000000e+00
283  213.026854  0.00000000e+00
284  213.027655  0.00000000e+00
285  213.028457  0.00000000e+00
286  213.029259  0.00000000e+00
287  213.030060  0.00000000e+00
288  213.030862  0.00000000e+00
289  213.031663  0.00000000e+00
290  213.032465  0.00000000e+00
291  213.033267  0.00000000e+00
292  213.034068  0.00000000e+00
293  213.034870  0.00000000e+00
294  213.035671  0.00000000e+00
295  213.036473  1.27241480e-01
296  213.037275  4.63436651e-01
297  213.038076  6.51526213e-01
298  213.038878  7.89162159e-01
299  213.039679  9.02348709e-01
300  213.040481  1.00112391e+00
301  213.041283  1.09028482e+00
302  213.042084  1.17247658e+00
303  213.042886  1.24931803e+00
304  213.043687  1.32188120e+00
305  213.044489  1.37580786e+00
306  213.045291  1.42435141e+00
307  213.046092  1.47109680e+00
308  213.046894  1.51627131e+00
309  213.047695  1.56007299e+00
310  213.048497  1.60267696e+00
311  213.049299  1.64424114e+00
312  213.050100  1.68491020e+00
313  213.050902  1.72482090e+00
314  213.051703  1.76410542e+00
315  213.052505  1.80289555e+00
316  213.053307  1.84132824e+00
317  213.054108  1.87955036e+00
318  213.054910  1.91772671e+00
319  213.055711  1.95604935e+00
320  213.056513  1.99475212e+00
321  213.057315  2.00000000e+00
322  213.058116  2.00000000e+00
323  213.058918  2.00000000e+00
324  213.059719  2.00000000e+00
325  213.060521  2.00000000e+00
326  213.061323  2.00000000e+00
327  213.062124  2.00000000e+00
328  213.062926  2.00000000e+00
329  213.063727  2.00000000e+00
330  213.064529  2.00000000e+00
331  213.065331  2.00000000e+00
332  213.066132  2.00000000e+00
333  213.066934  2.00000000e+00
334  213.067735  2.00000000e+00
335  213.068537  2.00000000e+00
336  213.069339  2.00000000e+00
337  213.070140  2.00000000e+00
338  213.070942  2.00000000e+00
339  213.071743  2.00000000e+00
340  213.072545  2.00000000e+00
341  213.073347  2.00000000e+00
342  213.074148  2.00000000e+00
343  213.074950  2.00000000e+00
344  213.075752  2.00000000e+00
345  213.076553  2.00000000e+00
346  213.077355  2.00000000e+00
347  213.078156  2.00000000e+00
348  213.078958  2.00000000e+00
349  213.079760  0.00000000e+00
350  213.080561  0.00000000e+00
351  213.081363  0.00000000e+00
352  213.082164  0.00000000e+00
353  213.082966  0.00000000e+00
354  213.083768  0.00000000e+00
355  213.084569  0.00000000e+00
356  213.085371  0.00000000e+00
357  213.086172  0.00000000e+00
358  213.086974  0.00000000e+00
359  213.087776  0.00000000e+00
360  213.088577  0.00000000e+00
361  213.089379  0.00000000e+00
362  213.090180  0.00000000e+00
363  213.090982  0.00000000e+00
364  213.091784  0.00000000e+00
365  213.092585  0.00000000e+00
366  213.093387  0.00000000e+00
367  213.094188  0.00000000e+00
368  213.094990  0.00000000e+00
369  213.095792  0.00000000e+00
370  213.096593  0.00000000e+00
371  213.097395  0.00000000e+00
372  213.098196  0.00000000e+00
373  213.098998  0.00000000e+00
374  213.099800  0.00000000e+00
375  213.100601  0.00000000e+00
376  213.101403  0.00000000e+00
377  213.102204  0.00000000e+00
378  213.103006  0.00000000e+00
379  213.103808  0.00000000e+00
380  213.104609  0.00000000e+00
381  213.105411  0.00000000e+00
382  213.106212  0.00000000e+00
383  213.107014  0.00000000e+00
384  213.107816  0.00000000e+00
385  213.108617  0.00000000e+00
386  213.109419  0.00000000e+00
387  213.110220  0.00000000e+00
388  213.111022  0.00000000e+00
389  213.111824  0.00000000e+00
390  213.112625  0.00000000e+00
391  213.113427  0.00000000e+00
392  213.114228  0.00000000e+00
393  213.115030  0.00000000e+00
394  213.115832  0.00000000e+00
395  213.116633  0.00000000e+00
396  213.117435  0.00000000e+00
397  213.118236  0.00000000e+00
398  213.119038  0.00000000e+00
399  213.119840  0.00000000e+00
400  213.120641  0.00000000e+00
401  213.121443  0.00000000e+00
402  213.122244  0.00000000e+00
403  213.123046  0.00000000e+00
404  213.123848  0.00000000e+00
405  213.124649  0.00000000e+00
406  213.125451  0.00000000e+00
407  213.126253  0.00000000e+00
408  213.127054  0.00000000e+00
409  213.127856  0.00000000e+00
410  213.128657  0.00000000e+00
411  213.129459  0.00000000e+00
412  213.130261  0.00000000e+00
413  213.131062  0.00000000e+00
414  213.131864  0.00000000e+00
415  213.132665  0.00000000e+00
416  213.133467  0.00000000e+00
417  213.134269  0.00000000e+00
418  213.135070  0.00000000e+00
419  213.135872  0.00000000e+00
420  213.136673  0.00000000e+00
421  213.137475  0.00000000e+00
422  213.138277  0.00000000e+00
423  213.139078  0.00000000e+00
424  213.139880  0.00000000e+00
425  213.140681  0.00000000e+00
426  213.141483  0.00000000e+00
427  213.142285  0.00000000e+00
428  213.143086  0.00000000e+00
429  213.143888  0.00000000e+00
430  213.144689  0.00000000e+00
431  213.145491  0.00000000e+00
432  213.146293  0.00000000e+00
433  213.147094  0.00000000e+00
434  213.147896  0.00000000e+00
435  213.148697  0.00000000e+00
436  213.149499  0.00000000e+00
437  213.150301  0.00000000e+00
438  213.151102  0.00000000e+00
439  213.151904  0.00000000e+00
440  213.152705  0.00000000e+00
441  213.153507  0.00000000e+00
442  213.154309  0.00000000e+00
443  213.155110  0.00000000e+00
444  213.155912  0.00000000e+00
445  213.156713  0.00000000e+00
446  213.157515  0.00000000e+00
447  213.158317  0.00000000e+00
448  213.159118  0.00000000e+00
449  213.159920  0.00000000e+00
450  213.160721  0.00000000e+00
451  213.161523  0.00000000e+00
452  213.162325  0.00000000e+00
453  213.163126  0.00000000e+00
454  213.163928  0.00000000e+00
455  213.164729  0.00000000e+00
456  213.165531  0.00000000e+00
457  213.166333  0.00000000e+00
458  213.167134  0.00000000e+00
459  213.167936  0.00000000e+00
460  213.168737  0.00000000e+00
461  213.169539  0.00000000e+00
462  213.170341  0.00000000e+00
463  213.171142  0.00000000e+00
464  213.171944  0.00000000e+00
465  213.172745  0.00000000e+00
466  213.173547  0.00000000e+00
467  213.174349  0.00000000e+00
468  213.175150  0.00000000e+00
469  213.175952  0.00000000e+00
470  213.176754  0.00000000e+00
471  213.177555  0.00000000e+00
472  213.178357  0.00000000e+00
473  213.179158  0.00000000e+00
474  213.179960  0.00000000e+00
475  213.180762  0.00000000e+00
476  213.181563  0.00000000e+00
477  213.182365  0.00000000e+00
478  213.183166  0.00000000e+00
479  213.183968  0.00000000e+00
480  213.184770  0.00000000e+00
481  213.185571  0.00000000e+00
482  213.186373  0.00000000e+00
483  213.187174  0.00000000e+00
484  213.187976  0.00000000e+00
485  213.188778  0.00000000e+00
486  213.189579  0.00000000e+00
487  213.190381  0.00000000e+00
488  213.191182  0.00000000e+00
489  213.191984  0.00000000e+00
490  213.192786  0.00000000e+00
491  213.193587  0.00000000e+00
492  213.194389  0.00000000e+00
493  213.195190  0.00000000e+00
494  213.195992  0.00000000e+00
495  213.196794  0.00000000e+00
496  213.197595  0.00000000e+00
497  213.198397  0.00000000e+00
498  213.199198  0.00000000e+00
499  213.200000  0.00000000e+00
